VITE_SUPABASE_URL=https://project.supabase.co
VITE_SUPABASE_ANON_KEY=use your superbase

# Solana Blockchain Config
VITE_SOLANA_NETWORK=testnet
VITE_SOLANA_RPC_URL=https://api.testnet.solana.com
VITE_PROGRAM_ID=GbMMLzLoDwSjk7R5dgFh3i5dUPcaqkHtBXF4NyhZFtjw

# Operational Wallet (Server-Side Only)
SOLANA_MASTER_PRIVATE_KEY=[230,30,158,164,248,186,170,107,175,33,63,83,109,204,109,128,97,32,49,205,231,178,145,205,94,160,54,91,178,252,143,1,80,112,220,33,228,234,250,239,171,70,126,26,156,93,88,210,16,90,76,179,221,10,183,243,2,180,142,61,210,240,221,237]

# OPERATIONAL_PUBKEY (Public, safe to expose)
VITE_OPERATIONAL_PUBKEY=6R1RvT3zB59nTYgX1pwZUe9wTtsGuYSt5o9fdCg2FnrY

# Wallets
MASTER_PUBKEY=GGTfptx23HajS8DTzh1M4H51cdmNsiFXt9vdjU8t7YTe
OPERATIONAL_PUBKEY=6R1RvT3zB59nTYgX1pwZUe9wTtsGuYSt5o9fdCg2FnrY
OPERATIONAL_SECRET=[128, 222, 128, 222, 128, 222, 128, 222, 128, 222, 128, 222, 128, 222, 128, 222, 128, 222, 128, 222, 128, 222, 128, 222, 128, 222, 128, 222, 128, 222, 128, 222, 128, 222, 128, 222, 128, 222, 128, 222, 128, 222, 128, 222, 128, 222, 128, 222, 128, 222, 128, 222, 128, 222, 128, 222, 128, 222, 128, 222, 128, 222, 128, 222, 128, 222, 128, 222, 128, 222, 128, 222, 128, 222, 128, 222, 128, 222, 128, 222, 128, 222, 128, 222, 128, 222, 128, 222, 128, 222, 128, 222, 128, 222, 128, 222, 128, 222, 128, 222, 128, 222, 128, 222, 128, 222, 128, 222, 128, 222, 128, 222, 128, 222, 128, 222, 128, 222, 128, 222, 128, 222, 128, 222, 128, 222, 128, 222, 128, 222, 128, 222, 128, 222, 128, 222, 128, 222, 128, 222, 128, 222, 128, 222, 128, 222, 128, 222, 128, 222, 128, 222, 128, 222, 128, 222, 128, 222, 128, 222, 128, 222, 128, 222, 128, 222, 128, 222, 128, 222, 128, 222, 128, 222, 128, 222, 128, 222, 128, 222, 128, 222, 128, 222, 128, 222, 128, 222, 128, 222, 128, 222, 128, 222, 128, 222, 128, 222, 128, 222, 128, 222, 128, 222, 128, 222, 128, 222, 128, 222, 128, 222, 128, 222, 128, 222, 128, 222, 128, 222, 128, 222, 128, 222, 128, 222, 128, 222, 128, 222, 128, 222, 128, 222, 128, 222, 128, 222, 128, 222, 128, 222, 128, 222, 128, 222, 128, 222, 128, 222, 128, 222, 128, 222, 128, 222, 128, 222, 128, 222, 128, 222, 128, 222, 128, 222, 128, 222, 128, 222, 128, 222, 128, 222, 128, 222, 128, 222, 128, 222, 128, 222, 128, 222, 128, 222, 128, 222, 128, 222, 128, 222, 128, 222, 128, 222, 128, 222, 128, 222, 128, 222, 128, 222, 128, 222, 128, 222, 128, 222, 128, 222, 128
